 7.43380000E-05  1.28326544E+05
 8.30750000E-05  9.15922305E+04
 9.28370000E-05  6.53773428E+04
 1.03750000E-04  4.66601952E+04
 1.15940000E-04  3.33067338E+04
 1.29570000E-04  2.37705221E+04
 1.44790000E-04  1.69690624E+04
 1.61810000E-04  1.21109383E+04
 1.80820000E-04  8.64521267E+03
 2.02070000E-04  6.17064078E+03
 2.25820000E-04  4.40422109E+03
 2.52360000E-04  3.14351388E+03
 2.82020000E-04  2.24366383E+03
 3.15160000E-04  1.60149319E+03
 3.52190000E-04  1.14316350E+03
 3.93580000E-04  8.15945290E+02
 4.39840000E-04  5.82366560E+02
 4.91530000E-04  4.15672433E+02
 5.49290000E-04  2.96699679E+02
 6.13840000E-04  2.11776310E+02
 6.85980000E-04  1.51157344E+02
 7.66600000E-04  1.07889160E+02
 8.56690000E-04  7.70076545E+01
 9.57360000E-04  5.49667424E+01
 1.06990000E-03  3.92298410E+01
 1.19560000E-03  2.80033214E+01
 1.33610000E-03  1.99880840E+01
 1.49310000E-03  1.42673158E+01
 1.66860000E-03  1.01829281E+01
 1.86470000E-03  7.26813773E+00
 2.08380000E-03  5.18803577E+00
 2.32870000E-03  3.70297749E+00
 2.60240000E-03  2.64295693E+00
 2.90820000E-03  1.88651524E+00
 3.25000000E-03  1.34649154E+00
 3.63190000E-03  9.61109671E-01
 4.05870000E-03  6.86016455E-01
 4.53570000E-03  4.89646963E-01
 5.06880000E-03  3.49479002E-01
 5.12540000E-03  3.37897854E-01
 5.18270000E-03  3.26687480E-01
 5.24060000E-03  3.15856455E-01
 5.29910000E-03  3.05392716E-01
 5.35830000E-03  2.95267765E-01
 5.41820000E-03  2.85472318E-01
 5.47870000E-03  2.76012477E-01
 5.53990000E-03  2.66862537E-01
 5.60180000E-03  2.58013634E-01
 5.66440000E-03  2.49457034E-01
 5.72770000E-03  2.41184143E-01
 5.79170000E-03  2.33186513E-01
 5.85640000E-03  2.25455850E-01
 5.92190000E-03  2.17972848E-01
 5.98800000E-03  2.10752372E-01
 6.05490000E-03  2.03764726E-01
 6.12260000E-03  1.97003627E-01
 6.19100000E-03  1.90472186E-01
 6.26020000E-03  1.84154086E-01
 6.33010000E-03  1.78051835E-01
 6.40080000E-03  1.72150199E-01
 6.47230000E-03  1.66443368E-01
 6.54470000E-03  1.60918160E-01
 6.61780000E-03  1.55584205E-01
 6.69170000E-03  1.50428178E-01
 6.76650000E-03  1.45438144E-01
 6.84210000E-03  1.40615893E-01
 6.91850000E-03  1.35956195E-01
 6.99580000E-03  1.31448234E-01
 7.07400000E-03  1.27087765E-01
 7.15310000E-03  1.22870595E-01
 7.23300000E-03  1.18797575E-01
 7.31380000E-03  1.14859212E-01
 7.39550000E-03  1.11051533E-01
 7.47810000E-03  1.07370633E-01
 7.56170000E-03  1.03808512E-01
 7.64620000E-03  1.00365946E-01
 7.73160000E-03  9.70392311E-02
 7.81800000E-03  9.38211011E-02
 7.90530000E-03  9.07119760E-02
 7.99370000E-03  8.77017162E-02
 8.08300000E-03  8.47941695E-02
 8.17330000E-03  8.19829426E-02
 8.26460000E-03  7.92651738E-02
 8.35700000E-03  7.66352701E-02
 8.45030000E-03  7.40961633E-02
 8.54470000E-03  7.16396978E-02
 8.64020000E-03  6.92635646E-02
 8.73680000E-03  6.69654833E-02
 8.83440000E-03  6.47454292E-02
 8.93310000E-03  6.25987685E-02
 9.03290000E-03  6.05233362E-02
 9.13380000E-03  5.85170047E-02
 9.23590000E-03  5.65758269E-02
 9.33910000E-03  5.46997777E-02
 9.44340000E-03  5.28868411E-02
 9.54890000E-03  5.11334200E-02
 9.65560000E-03  4.94378000E-02
 9.76350000E-03  4.77982932E-02
 9.87260000E-03  4.62132393E-02
 9.98290000E-03  4.46810075E-02
 1.00940000E-02  4.32051930E-02
 1.02070000E-02  4.17698826E-02
 1.03210000E-02  4.03854011E-02
 1.04370000E-02  3.90385581E-02
 1.05530000E-02  3.77507823E-02
 1.06710000E-02  3.64981083E-02
 1.07900000E-02  3.52901718E-02
 1.09110000E-02  3.41158267E-02
 1.10330000E-02  3.29837979E-02
 1.11560000E-02  3.18924909E-02
 1.12810000E-02  3.08320754E-02
 1.14070000E-02  2.98100952E-02
 1.15340000E-02  2.88250792E-02
 1.16630000E-02  2.78683611E-02
 1.17930000E-02  2.69464670E-02
 1.19250000E-02  2.60514162E-02
 1.20580000E-02  2.51891223E-02
 1.21930000E-02  2.43522382E-02
 1.23290000E-02  2.35461229E-02
 1.24670000E-02  2.27640148E-02
 1.26060000E-02  2.20107710E-02
 1.27470000E-02  2.12801702E-02
 1.28900000E-02  2.05717719E-02
 1.30340000E-02  1.98897534E-02
 1.31790000E-02  1.92330415E-02
 1.33270000E-02  1.85921396E-02
 1.34750000E-02  1.79793228E-02
 1.36260000E-02  1.73814530E-02
 1.37780000E-02  1.68060261E-02
 1.39320000E-02  1.62485715E-02
 1.40880000E-02  1.57086646E-02
 1.42450000E-02  1.51891139E-02
 1.44040000E-02  1.46859722E-02
 1.45650000E-02  1.41988307E-02
 1.47280000E-02  1.37272810E-02
 1.48930000E-02  1.32709161E-02
 1.50590000E-02  1.28319172E-02
 1.52270000E-02  1.24070699E-02
 1.53980000E-02  1.19936273E-02
 1.55700000E-02  1.15960418E-02
 1.57440000E-02  1.12114660E-02
 1.59190000E-02  1.08415964E-02
 1.60970000E-02  1.04818441E-02
 1.62770000E-02  1.01340111E-02
 1.64590000E-02  9.79774377E-03
 1.66430000E-02  9.47269498E-03
 1.68290000E-02  9.15852410E-03
 1.70170000E-02  8.85489729E-03
 1.72070000E-02  8.56148771E-03
 1.73990000E-02  8.27797563E-03
 1.75940000E-02  8.00266805E-03
 1.77900000E-02  7.73808126E-03
 1.79890000E-02  7.48121168E-03
 1.81900000E-02  7.23314178E-03
 1.83930000E-02  6.99358135E-03
 1.85990000E-02  6.76114472E-03
 1.88070000E-02  6.53675729E-03
 1.90170000E-02  6.32014572E-03
 1.92290000E-02  6.11104472E-03
 1.94440000E-02  5.90827466E-03
 1.96610000E-02  5.71258886E-03
 1.98810000E-02  5.52289678E-03
 2.01030000E-02  5.33987581E-03
 2.03280000E-02  5.16251829E-03
 2.05550000E-02  4.99143341E-03
 2.07840000E-02  4.82639517E-03
 2.10170000E-02  4.66583761E-03
 2.12520000E-02  4.51101549E-03
 2.14890000E-02  4.36171728E-03
 2.17290000E-02  4.21715002E-03
 2.19720000E-02  4.07719441E-03
 2.22170000E-02  3.94226991E-03
 2.24660000E-02  3.81115747E-03
 2.27170000E-02  3.68479478E-03
 2.29700000E-02  3.56300035E-03
 2.32270000E-02  3.44469943E-03
 2.34870000E-02  3.33027281E-03
 2.37490000E-02  3.22002181E-03
 2.40140000E-02  3.11339031E-03
 2.42830000E-02  3.00989754E-03
 2.45540000E-02  2.91020943E-03
 2.48280000E-02  2.81383139E-03
 2.51060000E-02  2.72033520E-03
 2.53860000E-02  2.63029552E-03
 2.56700000E-02  2.54297228E-03
 2.59570000E-02  2.45859903E-03
 2.62470000E-02  2.37708257E-03
 2.65400000E-02  2.29833190E-03
 2.68360000E-02  2.22225824E-03
 2.71360000E-02  2.14853467E-03
 2.74390000E-02  2.07733815E-03
 2.77460000E-02  2.00836541E-03
 2.80560000E-02  1.94177407E-03
 2.83700000E-02  1.87728297E-03
 2.86870000E-02  1.81503252E-03
 2.90070000E-02  1.75494581E-03
 2.93310000E-02  1.69677270E-03
 2.96590000E-02  1.64046396E-03
 2.99900000E-02  1.58613108E-03
 3.03250000E-02  1.53355076E-03
 3.06640000E-02  1.48267564E-03
 3.10070000E-02  1.43345877E-03
 3.13530000E-02  1.38598788E-03
 3.17040000E-02  1.33994294E-03
 3.20580000E-02  1.29554169E-03
 3.24160000E-02  1.25260619E-03
 3.27780000E-02  1.21109338E-03
 3.31440000E-02  1.17096092E-03
 3.35150000E-02  1.13206472E-03
 3.38890000E-02  1.09457354E-03
 3.42680000E-02  1.05824652E-03
 3.46510000E-02  1.02314651E-03
 3.50380000E-02  9.89234742E-04
 3.54290000E-02  9.56473365E-04
 3.58250000E-02  9.24747096E-04
 3.62250000E-02  8.94105113E-04
 3.66300000E-02  8.64440234E-04
 3.70390000E-02  8.35795739E-04
 3.74530000E-02  8.08072053E-04
 3.78720000E-02  7.81244651E-04
 3.82950000E-02  7.55349050E-04
 3.87230000E-02  7.30296036E-04
 3.91550000E-02  7.06116846E-04
 3.95930000E-02  6.82676421E-04
 4.00350000E-02  6.60059139E-04
 4.04830000E-02  6.38140191E-04
 4.09350000E-02  6.16995462E-04
 4.13920000E-02  5.96553404E-04
 4.18550000E-02  5.76751067E-04
 4.23220000E-02  5.57653203E-04
 4.27950000E-02  5.39157540E-04
 4.32730000E-02  5.21285791E-04
 4.37570000E-02  5.03983342E-04
 4.42460000E-02  4.87269011E-04
 4.47400000E-02  4.71123854E-04
 4.52400000E-02  4.55498843E-04
 4.57460000E-02  4.40380000E-04
 4.62570000E-02  4.25781402E-04
 4.67730000E-02  4.11685661E-04
 4.72960000E-02  3.98024794E-04
 4.78250000E-02  3.84813521E-04
 4.83590000E-02  3.72062164E-04
 4.88990000E-02  3.59732504E-04
 4.94460000E-02  3.47790724E-04
 4.99980000E-02  3.36268204E-04
 5.05570000E-02  3.25111085E-04
 5.11220000E-02  3.14328813E-04
 5.16930000E-02  3.03909739E-04
 5.22700000E-02  2.93842470E-04
 5.28540000E-02  2.84099561E-04
 5.34450000E-02  2.74672286E-04
 5.40420000E-02  2.65566910E-04
 5.46460000E-02  2.56758653E-04
 5.52560000E-02  2.48252779E-04
 5.58740000E-02  2.40013164E-04
 5.64980000E-02  2.32058392E-04
 5.71290000E-02  2.24366894E-04
 5.77680000E-02  2.16919472E-04
 5.84130000E-02  2.09731753E-04
 5.93310000E-02  2.00037789E-04
 6.02490000E-02  1.90930570E-04
 6.11660000E-02  1.82375486E-04
 6.20840000E-02  1.74314088E-04
 6.30020000E-02  1.66719621E-04
 6.39200000E-02  1.59558812E-04
 6.48370000E-02  1.52808348E-04
 6.57550000E-02  1.46425591E-04
 6.66730000E-02  1.40392466E-04
 6.75910000E-02  1.34685395E-04
 6.85080000E-02  1.29288408E-04
 6.94260000E-02  1.24169763E-04
 7.03440000E-02  1.19317067E-04
 7.12620000E-02  1.14713300E-04
 7.21790000E-02  1.10347366E-04
 7.30970000E-02  1.06195200E-04
 7.40150000E-02  1.02248206E-04
 7.49330000E-02  9.84938849E-05
 7.58500000E-02  9.49244399E-05
 7.67680000E-02  9.15213257E-05
 7.76860000E-02  8.82785200E-05
 7.86040000E-02  8.51867086E-05
 7.95210000E-02  8.22403570E-05
 8.04390000E-02  7.94249636E-05
 8.13570000E-02  7.67362783E-05
 8.22750000E-02  7.41672639E-05
 8.31920000E-02  7.17139624E-05
 8.41100000E-02  6.93648828E-05
 8.50280000E-02  6.71170107E-05
 8.59460000E-02  6.49649626E-05
 8.68640000E-02  6.29036946E-05
 8.77810000E-02  6.09305843E-05
 8.86990000E-02  5.90368954E-05
 8.96170000E-02  5.72206600E-05
 9.05350000E-02  5.54779648E-05
 9.14520000E-02  5.38069167E-05
 9.23700000E-02  5.22004138E-05
 9.32880000E-02  5.06570586E-05
 9.42060000E-02  4.91737838E-05
 9.51230000E-02  4.77492221E-05
 9.60410000E-02  4.63775434E-05
 9.69590000E-02  4.50577606E-05
 9.78770000E-02  4.37874463E-05
 9.87940000E-02  4.25656158E-05
 9.97120000E-02  4.13874397E-05
 1.00630000E-01  4.02522275E-05
 1.01550000E-01  3.91557014E-05
 1.02470000E-01  3.80985352E-05
 1.03380000E-01  3.70898672E-05
 1.04300000E-01  3.61058883E-05
 1.05220000E-01  3.51563144E-05
 1.06140000E-01  3.42396574E-05
 1.07050000E-01  3.33639623E-05
 1.07970000E-01  3.25086550E-05
 1.08890000E-01  3.16822544E-05
 1.09810000E-01  3.08835518E-05
 1.10730000E-01  3.01113981E-05
 1.11640000E-01  2.93726844E-05
 1.12560000E-01  2.86501456E-05
 1.13480000E-01  2.79510469E-05
 1.14400000E-01  2.72744470E-05
 1.15310000E-01  2.66264560E-05
 1.16230000E-01  2.59919860E-05
 1.17150000E-01  2.53774595E-05
 1.18070000E-01  2.47821001E-05
 1.18990000E-01  2.42051677E-05
 1.19900000E-01  2.36519415E-05
 1.20820000E-01  2.31095946E-05
 1.21740000E-01  2.25836577E-05
 1.22660000E-01  2.20735157E-05
 1.23570000E-01  2.15838811E-05
 1.24490000E-01  2.11034361E-05
 1.25410000E-01  2.06371058E-05
 1.26330000E-01  2.01843765E-05
 1.27240000E-01  1.97494665E-05
 1.28160000E-01  1.93223511E-05
 1.29080000E-01  1.89074296E-05
 1.30000000E-01  1.85042705E-05
 1.30920000E-01  1.81124606E-05
 1.31830000E-01  1.77356864E-05
 1.32750000E-01  1.73652909E-05
 1.33670000E-01  1.70051093E-05
 1.34590000E-01  1.66547926E-05
 1.35500000E-01  1.63176600E-05
 1.36420000E-01  1.59859835E-05
 1.37340000E-01  1.56632106E-05
 1.38260000E-01  1.53490449E-05
 1.39180000E-01  1.50432018E-05
 1.40090000E-01  1.47486028E-05
 1.41010000E-01  1.44585126E-05
 1.41930000E-01  1.41759595E-05
 1.42850000E-01  1.39007005E-05
 1.43760000E-01  1.36353803E-05
 1.44680000E-01  1.33739451E-05
 1.45600000E-01  1.31191323E-05
 1.46520000E-01  1.28707339E-05
 1.47440000E-01  1.26285496E-05
 1.48350000E-01  1.23949219E-05
 1.49270000E-01  1.21645321E-05
 1.50190000E-01  1.19398011E-05
 1.51110000E-01  1.17205565E-05
 1.52020000E-01  1.15089293E-05
 1.52940000E-01  1.13001098E-05
 1.53860000E-01  1.10962975E-05
 1.54780000E-01  1.08973437E-05
 1.55700000E-01  1.07031046E-05
 1.56610000E-01  1.05154791E-05
 1.57530000E-01  1.03302110E-05
 1.58450000E-01  1.01492575E-05
 1.59370000E-01  9.97249406E-06
 1.60280000E-01  9.80165588E-06
 1.61200000E-01  9.63287306E-06
 1.62120000E-01  9.46793253E-06
 1.63040000E-01  9.30672575E-06
 1.63960000E-01  9.14914783E-06
 1.64870000E-01  8.99675327E-06
 1.65790000E-01  8.84609560E-06
 1.66710000E-01  8.69877371E-06
 1.67630000E-01  8.55469593E-06
 1.68540000E-01  8.41528871E-06
 1.69460000E-01  8.27740316E-06
 1.70380000E-01  8.14250518E-06
 1.71300000E-01  8.01051445E-06
 1.72210000E-01  7.88274217E-06
 1.73130000E-01  7.75630555E-06
 1.74050000E-01  7.63255099E-06
 1.74970000E-01  7.51140787E-06
 1.75890000E-01  7.39280778E-06
 1.76800000E-01  7.27793359E-06
 1.77720000E-01  7.16419694E-06
 1.78640000E-01  7.05281129E-06
 1.79560000E-01  6.94371631E-06
 1.80470000E-01  6.83800326E-06
 1.81390000E-01  6.73329258E-06
 1.82310000E-01  6.63070299E-06
 1.83230000E-01  6.53018112E-06
 1.84150000E-01  6.43167525E-06
 1.85060000E-01  6.33617411E-06
 1.85980000E-01  6.24153051E-06
 1.86900000E-01  6.14875722E-06
 1.87820000E-01  6.05780834E-06
 1.88730000E-01  5.96959913E-06
 1.89650000E-01  5.88214807E-06
 1.90570000E-01  5.79639207E-06
 1.91490000E-01  5.71229031E-06
 1.92410000E-01  5.62980319E-06
 1.93320000E-01  5.54976331E-06
 1.94240000E-01  5.47037450E-06
 1.95160000E-01  5.39248846E-06
 1.96080000E-01  5.31606986E-06
 1.96990000E-01  5.24189183E-06
 1.97910000E-01  5.16829101E-06
 1.98830000E-01  5.09605780E-06
 1.99750000E-01  5.02516063E-06
 2.00670000E-01  4.95556882E-06
 2.01580000E-01  4.88798832E-06
 2.02500000E-01  4.82090507E-06
 2.03420000E-01  4.75504032E-06
 2.04340000E-01  4.69036659E-06
 2.05250000E-01  4.62754128E-06
 2.06170000E-01  4.56515780E-06
 2.07090000E-01  4.50388747E-06
 2.08010000E-01  4.44370562E-06
 2.08930000E-01  4.38458822E-06
 2.09840000E-01  4.32713763E-06
 2.10760000E-01  4.27006862E-06
 2.11680000E-01  4.21399596E-06
 2.12600000E-01  4.15889802E-06
 2.13510000E-01  4.10533723E-06
 2.14430000E-01  4.05211609E-06
 2.15350000E-01  3.99980835E-06
 2.16270000E-01  3.94839453E-06
 2.17190000E-01  3.89785565E-06
 2.18100000E-01  3.84870868E-06
 2.19020000E-01  3.79985561E-06
 2.21900000E-01  3.65215392E-06
 2.24820000E-01  3.51009254E-06
 2.27780000E-01  3.37348625E-06
 2.30780000E-01  3.24215258E-06
 2.33810000E-01  3.11631659E-06
 2.36890000E-01  2.99497253E-06
 2.40010000E-01  2.87837425E-06
 2.43170000E-01  2.76635302E-06
 2.46360000E-01  2.65907155E-06
 2.49610000E-01  2.55538650E-06
 2.52890000E-01  2.45612385E-06
 2.56220000E-01  2.36052410E-06
 2.59590000E-01  2.26874746E-06
 2.63000000E-01  2.18064790E-06
 2.66470000E-01  2.09560645E-06
 2.69970000E-01  2.01423878E-06
 2.73520000E-01  1.93594391E-06
 2.77120000E-01  1.86062478E-06
 2.80770000E-01  1.78818539E-06
 2.84460000E-01  1.71871433E-06
 2.88210000E-01  1.65174211E-06
 2.92000000E-01  1.58753524E-06
 2.95840000E-01  1.52582172E-06
 2.99730000E-01  1.46651463E-06
 3.03680000E-01  1.40938809E-06
 3.07670000E-01  1.35464792E-06
 3.11720000E-01  1.30193781E-06
 3.15820000E-01  1.25131850E-06
 3.19980000E-01  1.20259800E-06
 3.24190000E-01  1.15582633E-06
 3.28450000E-01  1.11092905E-06
 3.32780000E-01  1.06763925E-06
 3.37150000E-01  1.02619410E-06
 3.41590000E-01  9.86247304E-07
 3.46080000E-01  9.47925933E-07
 3.50640000E-01  9.11006974E-07
 3.55250000E-01  8.75601319E-07
 3.59930000E-01  8.41505049E-07
 3.64660000E-01  8.08814937E-07
 3.69460000E-01  7.77344677E-07
 3.74320000E-01  7.47118171E-07
 3.79250000E-01  7.18032123E-07
 3.84240000E-01  6.90105300E-07
 3.89290000E-01  6.63293896E-07
 3.94410000E-01  6.37506346E-07
 3.99600000E-01  6.12708983E-07
 4.04860000E-01  5.88868646E-07
 4.10190000E-01  5.65952740E-07
 4.15590000E-01  5.43929284E-07
 4.21050000E-01  5.22804631E-07
 4.26590000E-01  5.02470848E-07
 4.32210000E-01  4.82903820E-07
 4.37890000E-01  4.64143922E-07
 4.43660000E-01  4.46065956E-07
 4.49490000E-01  4.28738509E-07
 4.55410000E-01  4.12047379E-07
 4.61400000E-01  3.96026805E-07
 4.67470000E-01  3.80626119E-07
 4.73620000E-01  3.65823994E-07
 4.79850000E-01  3.51599529E-07
 4.86170000E-01  3.37911176E-07
 4.92560000E-01  3.24782225E-07
 4.99040000E-01  3.12151963E-07
 5.05610000E-01  3.00004317E-07
 5.12260000E-01  2.88340502E-07
 5.19000000E-01  2.77126052E-07
 5.25830000E-01  2.66345740E-07
 5.32750000E-01  2.55984613E-07
 5.39760000E-01  2.46028023E-07
 5.46860000E-01  2.36461635E-07
 5.54060000E-01  2.27258996E-07
 5.61350000E-01  2.18420169E-07
 5.68730000E-01  2.09931741E-07
 5.76220000E-01  2.01759408E-07
 5.83800000E-01  1.93913922E-07
 5.91480000E-01  1.86373236E-07
 5.99260000E-01  1.79126719E-07
 6.07150000E-01  1.72155362E-07
 6.15140000E-01  1.65458489E-07
 6.23230000E-01  1.59026111E-07
 6.31430000E-01  1.52841151E-07
 6.39740000E-01  1.46895270E-07
 6.48160000E-01  1.41180278E-07
 6.56690000E-01  1.35688144E-07
 7.07180000E-01  1.08371155E-07
 7.61550000E-01  8.65543463E-08
 8.20100000E-01  6.91296332E-08
 8.83160000E-01  5.52111648E-08
 9.51060000E-01  4.40962714E-08
 1.02420000E+00  3.52169344E-08
 1.10290000E+00  2.81305734E-08
 1.18770000E+00  2.24671088E-08
 1.27900000E+00  1.79447133E-08
 1.37740000E+00  1.43300507E-08
 1.48330000E+00  1.14451501E-08
 1.59730000E+00  9.14176237E-09
 1.72020000E+00  7.30015827E-09
 1.85240000E+00  5.83103658E-09
 1.99480000E+00  4.65728352E-09
 2.14820000E+00  3.71952016E-09
 2.31340000E+00  2.97056551E-09
 2.49120000E+00  2.37271977E-09
 2.68280000E+00  1.89490520E-09
 2.88910000E+00  1.51336955E-09
 3.11120000E+00  1.20873075E-09
 3.35040000E+00  9.65392475E-10
 3.60800000E+00  7.71036240E-10
 3.88540000E+00  6.15811340E-10
 4.18410000E+00  4.91846216E-10
 4.50580000E+00  3.92826031E-10
 4.85230000E+00  3.13728045E-10
 5.22540000E+00  2.50563652E-10
 5.62710000E+00  2.00125969E-10
 6.05980000E+00  1.59831668E-10
 6.52570000E+00  1.27654731E-10
 7.02740000E+00  1.01956466E-10
 7.56770000E+00  8.14305910E-11
 8.14960000E+00  6.50355520E-11
 8.77620000E+00  5.19422372E-11
 9.45100000E+00  4.14846411E-11
 1.01780000E+01  3.31293763E-11
 1.09600000E+01  2.64636768E-11
 1.18030000E+01  2.11341456E-11
 1.27100000E+01  1.68813174E-11
 1.36880000E+01  1.34803954E-11
 1.47400000E+01  1.07674060E-11
 1.58730000E+01  8.60017464E-12
 1.70940000E+01  6.86804597E-12
 1.84080000E+01  5.48561351E-12
 1.98230000E+01  4.38144754E-12
 2.13470000E+01  3.49941767E-12
 2.29890000E+01  2.79464156E-12
 2.47560000E+01  2.23216221E-12
 2.66600000E+01  1.78265329E-12
 2.87090000E+01  1.42388209E-12
 3.09170000E+01  1.13714631E-12
 3.32940000E+01  9.08219854E-13
