 7.43380000E-05  3.17733250E+02
 8.30750000E-05  3.53737577E+02
 9.28370000E-05  3.93763979E+02
 1.03750000E-04  4.38311995E+02
 1.15940000E-04  4.87852871E+02
 1.29570000E-04  5.43008655E+02
 1.44790000E-04  6.04345868E+02
 1.61810000E-04  6.72661254E+02
 1.80820000E-04  7.48658301E+02
 2.02070000E-04  8.33251798E+02
 2.25820000E-04  9.27367148E+02
 2.52360000E-04  1.03203832E+03
 2.82020000E-04  1.14844266E+03
 3.15160000E-04  1.27784012E+03
 3.52190000E-04  1.42164433E+03
 3.93580000E-04  1.58145629E+03
 4.39840000E-04  1.75897664E+03
 4.91530000E-04  1.95602237E+03
 5.49290000E-04  2.17462005E+03
 6.13840000E-04  2.41699071E+03
 6.85980000E-04  2.68552309E+03
 7.66600000E-04  2.98277303E+03
 8.56690000E-04  3.31144988E+03
 9.57360000E-04  3.67445090E+03
 1.06990000E-03  4.07500367E+03
 1.19560000E-03  4.51594181E+03
 1.33610000E-03  5.00079021E+03
 1.49310000E-03  5.53267924E+03
 1.66860000E-03  6.11501858E+03
 1.86470000E-03  6.75067432E+03
 2.08380000E-03  7.44233821E+03
 2.32870000E-03  8.19266905E+03
 2.60240000E-03  9.00328479E+03
 2.90820000E-03  9.87489469E+03
 3.25000000E-03  1.08076554E+04
 3.63190000E-03  1.17997645E+04
 4.05870000E-03  1.28481731E+04
 4.53570000E-03  1.39477198E+04
 5.06880000E-03  1.50907577E+04
 5.12540000E-03  1.52069951E+04
 5.18270000E-03  1.53236929E+04
 5.24060000E-03  1.54406206E+04
 5.29910000E-03  1.55577538E+04
 5.35830000E-03  1.56752649E+04
 5.41820000E-03  1.57931226E+04
 5.47870000E-03  1.59111020E+04
 5.53990000E-03  1.60293695E+04
 5.60180000E-03  1.61478944E+04
 5.66440000E-03  1.62666456E+04
 5.72770000E-03  1.63855925E+04
 5.79170000E-03  1.65047042E+04
 5.85640000E-03  1.66239503E+04
 5.92190000E-03  1.67434817E+04
 5.98800000E-03  1.68629031E+04
 6.05490000E-03  1.69825455E+04
 6.12260000E-03  1.71023733E+04
 6.19100000E-03  1.72221768E+04
 6.26020000E-03  1.73420985E+04
 6.33010000E-03  1.74619326E+04
 6.40080000E-03  1.75818185E+04
 6.47230000E-03  1.77017211E+04
 6.54470000E-03  1.78217708E+04
 6.61780000E-03  1.79416014E+04
 6.69170000E-03  1.80613450E+04
 6.76650000E-03  1.81811256E+04
 6.84210000E-03  1.83007450E+04
 6.91850000E-03  1.84201681E+04
 6.99580000E-03  1.85395135E+04
 7.07400000E-03  1.86587409E+04
 7.15310000E-03  1.87778102E+04
 7.23300000E-03  1.88965340E+04
 7.31380000E-03  1.90150243E+04
 7.39550000E-03  1.91332418E+04
 7.47810000E-03  1.92511476E+04
 7.56170000E-03  1.93688430E+04
 7.64620000E-03  1.94861460E+04
 7.73160000E-03  1.96030187E+04
 7.81800000E-03  1.97195575E+04
 7.90530000E-03  1.98355876E+04
 7.99370000E-03  1.99513321E+04
 8.08300000E-03  2.00664870E+04
 8.17330000E-03  2.01811425E+04
 8.26460000E-03  2.02952573E+04
 8.35700000E-03  2.04089127E+04
 8.45030000E-03  2.05218205E+04
 8.54470000E-03  2.06341784E+04
 8.64020000E-03  2.07459362E+04
 8.73680000E-03  2.08570444E+04
 8.83440000E-03  2.09673418E+04
 8.93310000E-03  2.10768957E+04
 9.03290000E-03  2.11856581E+04
 9.13380000E-03  2.12935812E+04
 9.23590000E-03  2.14007222E+04
 9.33910000E-03  2.15069266E+04
 9.44340000E-03  2.16121488E+04
 9.54890000E-03  2.17164414E+04
 9.65560000E-03  2.18197540E+04
 9.76350000E-03  2.19220368E+04
 9.87260000E-03  2.20232409E+04
 9.98290000E-03  2.21233179E+04
 1.00940000E-02  2.22218696E+04
 1.02070000E-02  2.23198161E+04
 1.03210000E-02  2.24163161E+04
 1.04370000E-02  2.25121532E+04
 1.05530000E-02  2.26056427E+04
 1.06710000E-02  2.26983613E+04
 1.07900000E-02  2.27894558E+04
 1.09110000E-02  2.28796249E+04
 1.10330000E-02  2.29680578E+04
 1.11560000E-02  2.30547200E+04
 1.12810000E-02  2.31402525E+04
 1.14070000E-02  2.32239081E+04
 1.15340000E-02  2.33056558E+04
 1.16630000E-02  2.33860787E+04
 1.17930000E-02  2.34644940E+04
 1.19250000E-02  2.35414470E+04
 1.20580000E-02  2.36162979E+04
 1.21930000E-02  2.36895538E+04
 1.23290000E-02  2.37606181E+04
 1.24670000E-02  2.38299606E+04
 1.26060000E-02  2.38970274E+04
 1.27470000E-02  2.39622512E+04
 1.28900000E-02  2.40255539E+04
 1.30340000E-02  2.40864460E+04
 1.31790000E-02  2.41449119E+04
 1.33270000E-02  2.42016842E+04
 1.34750000E-02  2.42555643E+04
 1.36260000E-02  2.43075969E+04
 1.37780000E-02  2.43570178E+04
 1.39320000E-02  2.44041080E+04
 1.40880000E-02  2.44487964E+04
 1.42450000E-02  2.44907560E+04
 1.44040000E-02  2.45302156E+04
 1.45650000E-02  2.45671101E+04
 1.47280000E-02  2.46013763E+04
 1.48930000E-02  2.46329537E+04
 1.50590000E-02  2.46616203E+04
 1.52270000E-02  2.46875206E+04
 1.53980000E-02  2.47107271E+04
 1.55700000E-02  2.47309170E+04
 1.57440000E-02  2.47481860E+04
 1.59190000E-02  2.47624152E+04
 1.60970000E-02  2.47737232E+04
 1.62770000E-02  2.47819783E+04
 1.64590000E-02  2.47871419E+04
 1.66430000E-02  2.47891777E+04
 1.68290000E-02  2.47880505E+04
 1.70170000E-02  2.47837237E+04
 1.72070000E-02  2.47761626E+04
 1.73990000E-02  2.47653354E+04
 1.75940000E-02  2.47511323E+04
 1.77900000E-02  2.47336728E+04
 1.79890000E-02  2.47127558E+04
 1.81900000E-02  2.46884427E+04
 1.83930000E-02  2.46607163E+04
 1.85990000E-02  2.46294031E+04
 1.88070000E-02  2.45946213E+04
 1.90170000E-02  2.45563633E+04
 1.92290000E-02  2.45146246E+04
 1.94440000E-02  2.44691848E+04
 1.96610000E-02  2.44202353E+04
 1.98810000E-02  2.43675345E+04
 2.01030000E-02  2.43113091E+04
 2.03280000E-02  2.42512971E+04
 2.05550000E-02  2.41877597E+04
 2.07840000E-02  2.41207146E+04
 2.10170000E-02  2.40495592E+04
 2.12520000E-02  2.39748986E+04
 2.14890000E-02  2.38967757E+04
 2.17290000E-02  2.38148890E+04
 2.19720000E-02  2.37292528E+04
 2.22170000E-02  2.36402542E+04
 2.24660000E-02  2.35471888E+04
 2.27170000E-02  2.34508299E+04
 2.29700000E-02  2.33512365E+04
 2.32270000E-02  2.32476540E+04
 2.34870000E-02  2.31405081E+04
 2.37490000E-02  2.30302638E+04
 2.40140000E-02  2.29165563E+04
 2.42830000E-02  2.27989906E+04
 2.45540000E-02  2.26784903E+04
 2.48280000E-02  2.25546747E+04
 2.51060000E-02  2.24271369E+04
 2.53860000E-02  2.22968530E+04
 2.56700000E-02  2.21629542E+04
 2.59570000E-02  2.20259672E+04
 2.62470000E-02  2.18859590E+04
 2.65400000E-02  2.17430041E+04
 2.68360000E-02  2.15972212E+04
 2.71360000E-02  2.14482535E+04
 2.74390000E-02  2.12967337E+04
 2.77460000E-02  2.11422996E+04
 2.80560000E-02  2.09855918E+04
 2.83700000E-02  2.08262429E+04
 2.86870000E-02  2.06648984E+04
 2.90070000E-02  2.05016971E+04
 2.93310000E-02  2.03362654E+04
 2.96590000E-02  2.01687383E+04
 2.99900000E-02  1.99997609E+04
 3.03250000E-02  1.98289562E+04
 3.06640000E-02  1.96564574E+04
 3.10070000E-02  1.94823966E+04
 3.13530000E-02  1.93074101E+04
 3.17040000E-02  1.91306162E+04
 3.20580000E-02  1.89531502E+04
 3.24160000E-02  1.87746332E+04
 3.27780000E-02  1.85951893E+04
 3.31440000E-02  1.84149407E+04
 3.35150000E-02  1.82335437E+04
 3.38890000E-02  1.80521926E+04
 3.42680000E-02  1.78701435E+04
 3.46510000E-02  1.76881018E+04
 3.50380000E-02  1.75062778E+04
 3.54290000E-02  1.73248738E+04
 3.58250000E-02  1.71436293E+04
 3.62250000E-02  1.69631978E+04
 3.66300000E-02  1.67833170E+04
 3.70390000E-02  1.66046117E+04
 3.74530000E-02  1.64268184E+04
 3.78720000E-02  1.62501140E+04
 3.82950000E-02  1.60750784E+04
 3.87230000E-02  1.59014478E+04
 3.91550000E-02  1.57297705E+04
 3.95930000E-02  1.55593991E+04
 4.00350000E-02  1.53912519E+04
 4.04830000E-02  1.52247012E+04
 4.09350000E-02  1.50606164E+04
 4.13920000E-02  1.48987407E+04
 4.18550000E-02  1.47388480E+04
 4.23220000E-02  1.45817395E+04
 4.27950000E-02  1.44268462E+04
 4.32730000E-02  1.42746061E+04
 4.37570000E-02  1.41248050E+04
 4.42460000E-02  1.39778504E+04
 4.47400000E-02  1.38338207E+04
 4.52400000E-02  1.36925105E+04
 4.57460000E-02  1.35540135E+04
 4.62570000E-02  1.34186783E+04
 4.67730000E-02  1.32865614E+04
 4.72960000E-02  1.31572287E+04
 4.78250000E-02  1.30310133E+04
 4.83590000E-02  1.29081979E+04
 4.88990000E-02  1.27885129E+04
 4.94460000E-02  1.26716859E+04
 4.99980000E-02  1.25580818E+04
 5.05570000E-02  1.24472267E+04
 5.11220000E-02  1.23392686E+04
 5.16930000E-02  1.22341465E+04
 5.22700000E-02  1.21318000E+04
 5.28540000E-02  1.20320022E+04
 5.34450000E-02  1.19346899E+04
 5.40420000E-02  1.18398692E+04
 5.46460000E-02  1.17472059E+04
 5.52560000E-02  1.16566830E+04
 5.58740000E-02  1.15678441E+04
 5.64980000E-02  1.14808211E+04
 5.71290000E-02  1.13953155E+04
 5.77680000E-02  1.13110082E+04
 5.84130000E-02  1.12279234E+04
 5.93310000E-02  1.11125821E+04
 6.02490000E-02  1.09999668E+04
 6.11660000E-02  1.08895013E+04
 6.20840000E-02  1.07802411E+04
 6.30020000E-02  1.06716385E+04
 6.39200000E-02  1.05631059E+04
 6.48370000E-02  1.04542264E+04
 6.57550000E-02  1.03442180E+04
 6.66730000E-02  1.02327117E+04
 6.75910000E-02  1.01192948E+04
 6.85080000E-02  1.00038223E+04
 6.94260000E-02  9.88588962E+03
 7.03440000E-02  9.76550877E+03
 7.12620000E-02  9.64259957E+03
 7.21790000E-02  9.51724646E+03
 7.30970000E-02  9.38915116E+03
 7.40150000E-02  9.25846010E+03
 7.49330000E-02  9.12529034E+03
 7.58500000E-02  8.98996365E+03
 7.67680000E-02  8.85236241E+03
 7.76860000E-02  8.71284047E+03
 7.86040000E-02  8.57164240E+03
 7.95210000E-02  8.42916402E+03
 8.04390000E-02  8.28537250E+03
 8.13570000E-02  8.14087875E+03
 8.22750000E-02  7.99614767E+03
 8.31920000E-02  7.85175623E+03
 8.41100000E-02  7.70777529E+03
 8.50280000E-02  7.56471447E+03
 8.59460000E-02  7.42288645E+03
 8.68640000E-02  7.28260064E+03
 8.77810000E-02  7.14436096E+03
 8.86990000E-02  7.00818592E+03
 8.96170000E-02  6.87450996E+03
 9.05350000E-02  6.74365282E+03
 9.14520000E-02  6.61607292E+03
 9.23700000E-02  6.49176354E+03
 9.32880000E-02  6.37108759E+03
 9.42060000E-02  6.25421436E+03
 9.51230000E-02  6.14139835E+03
 9.60410000E-02  6.03249848E+03
 9.69590000E-02  5.92773152E+03
 9.78770000E-02  5.82717717E+03
 9.87940000E-02  5.73099624E+03
 9.97120000E-02  5.63901478E+03
 1.00630000E-01  5.55133493E+03
 1.01550000E-01  5.46775303E+03
 1.02470000E-01  5.38843079E+03
 1.03380000E-01  5.31410347E+03
 1.04300000E-01  5.24300426E+03
 1.05220000E-01  5.17582710E+03
 1.06140000E-01  5.11243444E+03
 1.07050000E-01  5.05331043E+03
 1.07970000E-01  4.99697526E+03
 1.08890000E-01  4.94392111E+03
 1.09810000E-01  4.89398311E+03
 1.10730000E-01  4.84697988E+03
 1.11640000E-01  4.80313850E+03
 1.12560000E-01  4.76126262E+03
 1.13480000E-01  4.72163025E+03
 1.14400000E-01  4.68402748E+03
 1.15310000E-01  4.64859638E+03
 1.16230000E-01  4.61432992E+03
 1.17150000E-01  4.58141217E+03
 1.18070000E-01  4.54963656E+03
 1.18990000E-01  4.51876640E+03
 1.19900000E-01  4.48888850E+03
 1.20820000E-01  4.45912563E+03
 1.21740000E-01  4.42960215E+03
 1.22660000E-01  4.40013252E+03
 1.23570000E-01  4.37087437E+03
 1.24490000E-01  4.34103318E+03
 1.25410000E-01  4.31078805E+03
 1.26330000E-01  4.28000811E+03
 1.27240000E-01  4.24891779E+03
 1.28160000E-01  4.21672366E+03
 1.29080000E-01  4.18366247E+03
 1.30000000E-01  4.14964349E+03
 1.30920000E-01  4.11460668E+03
 1.31830000E-01  4.07892393E+03
 1.32750000E-01  4.04179236E+03
 1.33670000E-01  4.00358474E+03
 1.34590000E-01  3.96429593E+03
 1.35500000E-01  3.92440985E+03
 1.36420000E-01  3.88311710E+03
 1.37340000E-01  3.84091751E+03
 1.38260000E-01  3.79787686E+03
 1.39180000E-01  3.75406257E+03
 1.40090000E-01  3.71005295E+03
 1.41010000E-01  3.66498002E+03
 1.41930000E-01  3.61941909E+03
 1.42850000E-01  3.57346034E+03
 1.43760000E-01  3.52769642E+03
 1.44680000E-01  3.48123705E+03
 1.45600000E-01  3.43471188E+03
 1.46520000E-01  3.38823992E+03
 1.47440000E-01  3.34193100E+03
 1.48350000E-01  3.29638549E+03
 1.49270000E-01  3.25071298E+03
 1.50190000E-01  3.20553713E+03
 1.51110000E-01  3.16096951E+03
 1.52020000E-01  3.11758374E+03
 1.52940000E-01  3.07451680E+03
 1.53860000E-01  3.03233233E+03
 1.54780000E-01  2.99110676E+03
 1.55700000E-01  2.95090885E+03
 1.56610000E-01  2.91221885E+03
 1.57530000E-01  2.87424031E+03
 1.58450000E-01  2.83745221E+03
 1.59370000E-01  2.80189033E+03
 1.60280000E-01  2.76794560E+03
 1.61200000E-01  2.73489271E+03
 1.62120000E-01  2.70312924E+03
 1.63040000E-01  2.67267012E+03
 1.63960000E-01  2.64352453E+03
 1.64870000E-01  2.61596626E+03
 1.65790000E-01  2.58935290E+03
 1.66710000E-01  2.56395880E+03
 1.67630000E-01  2.53975020E+03
 1.68540000E-01  2.51693948E+03
 1.69460000E-01  2.49499224E+03
 1.70380000E-01  2.47411199E+03
 1.71300000E-01  2.45423818E+03
 1.72210000E-01  2.43551445E+03
 1.73130000E-01  2.41747578E+03
 1.74050000E-01  2.40028194E+03
 1.74970000E-01  2.38388316E+03
 1.75890000E-01  2.36821305E+03
 1.76800000E-01  2.35335537E+03
 1.77720000E-01  2.33891176E+03
 1.78640000E-01  2.32498012E+03
 1.79560000E-01  2.31149521E+03
 1.80470000E-01  2.29853553E+03
 1.81390000E-01  2.28575229E+03
 1.82310000E-01  2.27321860E+03
 1.83230000E-01  2.26086570E+03
 1.84150000E-01  2.24862818E+03
 1.85060000E-01  2.23657629E+03
 1.85980000E-01  2.22438667E+03
 1.86900000E-01  2.21213631E+03
 1.87820000E-01  2.19977622E+03
 1.88730000E-01  2.18739919E+03
 1.89650000E-01  2.17469184E+03
 1.90570000E-01  2.16174998E+03
 1.91490000E-01  2.14853668E+03
 1.92410000E-01  2.13501741E+03
 1.93320000E-01  2.12131554E+03
 1.94240000E-01  2.10711830E+03
 1.95160000E-01  2.09256863E+03
 1.96080000E-01  2.07766177E+03
 1.96990000E-01  2.06256185E+03
 1.97910000E-01  2.04693424E+03
 1.98830000E-01  2.03094105E+03
 1.99750000E-01  2.01458595E+03
 2.00670000E-01  1.99789650E+03
 2.01580000E-01  1.98109316E+03
 2.02500000E-01  1.96383930E+03
 2.03420000E-01  1.94634976E+03
 2.04340000E-01  1.92865501E+03
 2.05250000E-01  1.91097936E+03
 2.06170000E-01  1.89296292E+03
 2.07090000E-01  1.87483682E+03
 2.08010000E-01  1.85664353E+03
 2.08930000E-01  1.83842327E+03
 2.09840000E-01  1.82041175E+03
 2.10760000E-01  1.80224852E+03
 2.11680000E-01  1.78416521E+03
 2.12600000E-01  1.76619332E+03
 2.13510000E-01  1.74855686E+03
 2.14430000E-01  1.73090069E+03
 2.15350000E-01  1.71345058E+03
 2.16270000E-01  1.69623552E+03
 2.17190000E-01  1.67928248E+03
 2.18100000E-01  1.66279602E+03
 2.19020000E-01  1.64643683E+03
 2.21900000E-01  1.59743930E+03
 2.24820000E-01  1.55148018E+03
 2.27780000E-01  1.50899972E+03
 2.30780000E-01  1.47024386E+03
 2.33810000E-01  1.43530549E+03
 2.36890000E-01  1.40385778E+03
 2.40010000E-01  1.37546881E+03
 2.43170000E-01  1.34941631E+03
 2.46360000E-01  1.32500711E+03
 2.49610000E-01  1.30112339E+03
 2.52890000E-01  1.27715895E+03
 2.56220000E-01  1.25235328E+03
 2.59590000E-01  1.22629826E+03
 2.63000000E-01  1.19870642E+03
 2.66470000E-01  1.16944067E+03
 2.69970000E-01  1.13886639E+03
 2.73520000E-01  1.10725273E+03
 2.77120000E-01  1.07518468E+03
 2.80770000E-01  1.04328258E+03
 2.84460000E-01  1.01237431E+03
 2.88210000E-01  9.82959414E+02
 2.92000000E-01  9.55558779E+02
 2.95840000E-01  9.30269064E+02
 2.99730000E-01  9.07121550E+02
 3.03680000E-01  8.85766408E+02
 3.07670000E-01  8.65976611E+02
 3.11720000E-01  8.47193773E+02
 3.15820000E-01  8.28933197E+02
 3.19980000E-01  8.10678778E+02
 3.24190000E-01  7.92112672E+02
 3.28450000E-01  7.72935244E+02
 3.32780000E-01  7.53038721E+02
 3.37150000E-01  7.32793210E+02
 3.41590000E-01  7.12315126E+02
 3.46080000E-01  6.92064263E+02
 3.50640000E-01  6.72319268E+02
 3.55250000E-01  6.53455058E+02
 3.59930000E-01  6.35592371E+02
 3.64660000E-01  6.18948213E+02
 3.69460000E-01  6.03322680E+02
 3.74320000E-01  5.88517660E+02
 3.79250000E-01  5.74264471E+02
 3.84240000E-01  5.60313186E+02
 3.89290000E-01  5.46407742E+02
 3.94410000E-01  5.32412823E+02
 3.99600000E-01  5.18338467E+02
 4.04860000E-01  5.04223170E+02
 4.10190000E-01  4.90232323E+02
 4.15590000E-01  4.76558203E+02
 4.21050000E-01  4.63368451E+02
 4.26590000E-01  4.50683175E+02
 4.32210000E-01  4.38555196E+02
 4.37890000E-01  4.26996339E+02
 4.43660000E-01  4.15840305E+02
 4.49490000E-01  4.05045139E+02
 4.55410000E-01  3.94455806E+02
 4.61400000E-01  3.84014467E+02
 4.67470000E-01  3.73637044E+02
 4.73620000E-01  3.63370692E+02
 4.79850000E-01  3.53296126E+02
 4.86170000E-01  3.43467297E+02
 4.92560000E-01  3.33964233E+02
 4.99040000E-01  3.24796705E+02
 5.05610000E-01  3.15981733E+02
 5.12260000E-01  3.07467504E+02
 5.19000000E-01  2.99162073E+02
 5.25830000E-01  2.91005069E+02
 5.32750000E-01  2.82995614E+02
 5.39760000E-01  2.75150058E+02
 5.46860000E-01  2.67483336E+02
 5.54060000E-01  2.60003686E+02
 5.61350000E-01  2.52741240E+02
 5.68730000E-01  2.45712197E+02
 5.76220000E-01  2.38895665E+02
 5.83800000E-01  2.32281969E+02
 5.91480000E-01  2.25834245E+02
 5.99260000E-01  2.19530123E+02
 6.07150000E-01  2.13363085E+02
 6.15140000E-01  2.07352517E+02
 6.23230000E-01  2.01508060E+02
 6.31430000E-01  1.95828833E+02
 6.39740000E-01  1.90309466E+02
 6.48160000E-01  1.84941394E+02
 6.56690000E-01  1.79716605E+02
 7.07180000E-01  1.52598832E+02
 7.61550000E-01  1.29406654E+02
 8.20100000E-01  1.09588739E+02
 8.83160000E-01  9.26808890E+01
 9.51060000E-01  7.82848017E+01
 1.02420000E+00  6.60418605E+01
 1.10290000E+00  5.56556420E+01
 1.18770000E+00  4.68446077E+01
 1.27900000E+00  3.93865064E+01
 1.37740000E+00  3.30759731E+01
 1.48330000E+00  2.77510863E+01
 1.59730000E+00  2.32618069E+01
 1.72020000E+00  1.94763237E+01
 1.85240000E+00  1.62950598E+01
 1.99480000E+00  1.36205333E+01
 2.14820000E+00  1.13744049E+01
 2.31340000E+00  9.49064989E+00
 2.49120000E+00  7.91322099E+00
 2.68280000E+00  6.59194384E+00
 2.88910000E+00  5.48724445E+00
 3.11120000E+00  4.56451767E+00
 3.35040000E+00  3.79415448E+00
 3.60800000E+00  3.15159252E+00
 3.88540000E+00  2.61609501E+00
 4.18410000E+00  2.17020024E+00
 4.50580000E+00  1.79912402E+00
 4.85230000E+00  1.49052093E+00
 5.22540000E+00  1.23413239E+00
 5.62710000E+00  1.02128409E+00
 6.05980000E+00  8.44621199E-01
 6.52570000E+00  6.98154776E-01
 7.02740000E+00  5.76786759E-01
 7.56770000E+00  4.76265195E-01
 8.14960000E+00  3.93051959E-01
 8.77620000E+00  3.24215978E-01
 9.45100000E+00  2.67301498E-01
 1.01780000E+01  2.20256740E-01
 1.09600000E+01  1.81450862E-01
 1.18030000E+01  1.49386103E-01
 1.27100000E+01  1.22954520E-01
 1.36880000E+01  1.01129016E-01
 1.47400000E+01  8.31601703E-02
 1.58730000E+01  6.83545658E-02
 1.70940000E+01  5.61557139E-02
 1.84080000E+01  4.61231466E-02
 1.98230000E+01  3.78686660E-02
 2.13470000E+01  3.10783905E-02
 2.29890000E+01  2.54931761E-02
 2.47560000E+01  2.09068154E-02
 2.66600000E+01  1.71374781E-02
 2.87090000E+01  1.40447142E-02
 3.09170000E+01  1.15041036E-02
 3.32940000E+01  9.41960182E-03
